-601.598951698009
-640.256243938989
-663.543512678850
-686.487126418127
-708.521669026861
-729.466249279669
-749.285418988881
-767.997835380432
-785.641406982734
-802.260031723528
-817.898587477762
-832.601075042921
-846.409963785262
-859.365994627350
-871.508155527044
-882.873720647198
-893.498311718836
-903.415965828221
-912.659203690217
-921.259096225396
-929.245328690061
-936.646262152053
-943.488992309513
-949.799405724493
-955.602233568628
-960.921102984691
-965.778586167360
-970.196247263588
-974.194687189063
-977.793586453226
-981.011746081281
-983.867126717722
-986.376885992205
-988.557414224932
-990.424368545376
-991.992705494818
-993.276712180074
-994.290036042802
-995.045713305902
-995.556196155784
-995.833378716681
-995.888621870695
-995.732776974844
-995.376208524146
-994.828815807541
-994.100053601462
-993.198951943738
-992.134135028771
-990.913839262989
-989.545930517893
-988.037920616375
-986.396983086363
-984.629968214322
-982.743417429798
-980.743577050642
-978.636411417380
-976.427615443860
-974.122626610105
-971.726636422162
-969.244601362642
-966.681253354555
-964.041109760120
-961.328482935144
-958.547489358774
-955.702058357472
-952.795940441240
-949.832715269327
-946.815799261878
-943.748452873288
-940.633787542254
-937.474772332892
-934.274240280696
-931.034894456398
-927.759313760295
-924.449958459008
-921.109175476130
-917.739203447696
-914.342177552907
-910.920134130129
-907.475015087667
-904.008672118489
-900.522870727549
-897.019294080083
-893.499546678820
-889.965157877692
-886.417585239340
-882.858217743353
-879.288378851821
-875.709329438629
-872.122270588487
-868.528346271481
-864.928645898722
-861.324206764332
-857.716016378862
-854.105014698897
-850.492096257549
-846.878112200176
-843.263872229565
-839.650146464601
-836.037667216262
-832.427130684618
-828.819198580349
-825.214499674116
-821.613631277019
-818.017160655179
-814.425626381407
-810.839539626692
-807.259385394270
-803.685623698744
-800.118690692749
-796.558999743474
-793.006942461263
-789.462889682444
-785.927192408408
-782.400182702874
-778.882174549230
-775.373464669671
-771.874333307896
-768.385044976933
-764.905849173660
-761.436981061512
-757.978662122770
-754.531100781801
-751.094493000521
-747.669022847327
-744.254863040697
-740.852175468532
-737.461111684370
-734.081813381479
-730.714412845799
-727.359033388710
-724.015789760474
-720.684788545258
-717.366128538519
-714.059901107567
-710.766190536019
-707.485074352889
-704.216623646994
-700.960903367302
-697.717972609890
-694.487884892066
-691.270688414247
-688.066426310142
-684.875136885748
-681.696853847654
-678.531606521144
-675.379420058538
-672.240315638215
-669.114310654719
-666.001418900367
-662.901650738709
-659.815013270227
-656.741510490604
-653.681143441896
-650.633910356927
-647.599806797202
-644.578825784634
-641.570957927351
-638.576191539855
-635.594512757779
-632.625905647486
-629.670352310729
-626.727832984611
-623.798326137041
-620.881808557881
-617.978255445988
-615.087640492334
-612.209935959367
-609.345112756789
-606.493140513909
-603.653987648721
-600.827621433856
-598.014008059550
-595.213112693744
-592.424899539476
-589.649331889644
-586.886372179301
-584.135982035552
-581.398122325184
-578.672753200133
-575.959834140859
-573.259323997751
-570.571181030635
-567.895362946465
-565.231826935292
-562.580529704579
-559.941427511936
-557.314476196351
-554.699631207969
-552.096847636507
-549.506080238354
-546.927283462395
-544.360411474664
-541.805418181827
-539.262257253575
-536.730882143981
-534.211246111840
-531.703302240069
-529.207003454183
-526.722302539906
-524.249152159949
-521.787504869984
-519.337313133873
-516.898529338157
-514.471105805859
-512.054994809622
-509.650148584214
-507.256519338433
-504.874059266427
-502.502720558470
-500.142455411205
-497.793216037390
-495.454954675157
-493.127623596820
-490.811175117236
-488.505561601752
-486.210735473755
-483.926649221837
-481.653255406590
-479.390506667062
-477.138355726880
-474.896755400044
-472.665658596437
-470.445018327021
-468.234787708785
-466.034919969405
-463.845368451660
-461.666086617616
-459.497028052566
-457.338146468765
-455.189395708939
-453.050729749612
-450.922102704233
-448.803468826116
-446.694782511222
-444.595998300753
-442.507070883612
-440.427955098692
-438.358605937034
-436.298978543840
-434.249028220360
-432.208710425646
-430.177980778198
-428.156795057487
-426.145109205369
-424.142879327407
-422.150061694077
-420.166612741894
-418.192489074442
-416.227647463316
-414.272044848991
-412.325638341601
-410.388385221656
-408.460242940677
-406.541169121777
-404.631121560160
-402.730058223576
-400.837937252707
-398.954716961508
-397.080355837474
-395.214812541885
-393.358045909981
-391.510014951101
-389.670678848778
-387.839996960790
-386.017928819174
-384.204434130203
-382.399472774323
-380.603004806064
-378.814990453910
-377.035390120147
-375.264164380676
-373.501273984796
-371.746679854978
-370.000343086590
-368.262224947611
-366.532286878328
-364.810490490999
-363.096797569508
-361.391170068994
-359.693570115456
-358.003960005363
-356.322302205220
-354.648559351141
-352.982694248392
-351.324669870934
-349.674449360938
-348.031996028308
-346.397273350170
-344.770244970364
-343.150874698929
-341.539126511563
-339.934964549092
-338.338353116917
-336.749256684459
-335.167639884602
-333.593467513112
-332.026704528072
-330.467316049292
-328.915267357728
-327.370523894882
-325.833051262208
-324.302815220512
-322.779781689340
-321.263916746374
-319.755186626816
-318.253557722771
-316.758996582626
-315.271469910435
-313.790944565286
-312.317387560681
-310.850766063904
-309.391047395392
-307.938199028106
-306.492188586895
-305.052983847867
-303.620552737748
-302.194863333255
-300.775883860453
-299.363582694127
-297.957928357136
-296.558889519787
-295.166434999195
-293.780533758644
-292.401154906956
-291.028267697857
-289.661841529336
-288.301845943020
-286.948250623535
-285.601025397875
-284.260140234775
-282.925565244074
-281.597270676093
-280.275226921005
-278.959404508204
-277.649774105691
-276.346306519437
-275.048972692771
-273.757743705756
-272.472590774569
-271.193485250887
-269.920398621266
-268.653302506532
-267.392168661168
-266.136968972703
-264.887675461103
-263.644260278165
-262.406695706915
-261.174954160999
-259.949008184092
-258.728830449291
-257.514393758522
-256.305671041945
-255.102635357364
-253.905259889634
-252.713517950074
-251.527382975883
-250.346828529550
-249.171828298283
-248.002356093420
-246.838385849858
-245.679891625477
-244.526847600563
-243.379228077247
-242.237007478928
-241.100160349713
-239.968661353851
-238.842485275173
-237.721607016531
-236.606001599247
-235.495644162552
-234.390509963041
-233.290574374116
-232.195812885445
-231.106201102415
-230.021714745590
-228.942329650167
-227.868021765446
-226.798767154285
-225.734541992576
-224.675322568705
-223.621085283032
-222.571806647358
-221.527463284406
-220.488031927294
-219.453489419021
-218.423812711947
-217.398978867279
-216.378965054560
-215.363748551153
-214.353306741743
-213.347617117822
-212.346657277192
-211.350404923460
-210.358837865540
-209.371934017161
-208.389671396366
-207.412028125024
-206.438982428339
-205.470512634365
-204.506597173515
-203.547214578085
-202.592343481768
-201.641962619177
-200.696050825369
-199.754587035370
-198.817550283706
-197.884919703926
-196.956674528143
-196.032794086561
-195.113257807018
-194.198045214518
-193.287135930779
-192.380509673772
-191.478146257264
-190.580025590371
-189.686127677105
-188.796432615922
-187.910920599280
-187.029571913195
-186.152366936794
-185.279286141880
-184.410310092489
-183.545419444459
-182.684594944994
-181.827817432228
-180.975067834801
-180.126327171429
-179.281576550477
-178.440797169534
-177.603970314993
-176.771077361634
-175.942099772199
-175.117019096979
-174.295816973404
-173.478475125625
-172.664975364104
-171.855299585212
-171.049429770816
-170.247347987878
-169.449036388050
-168.654477207276
-167.863652765391
-167.076545465726
-166.293137794712
-165.513412321487
-164.737351697505
-163.964938656145
-163.196156012326
-162.430986662119
-161.669413582366
-160.911419830291
-160.156988543131
-159.406102937745
-158.658746310247
-157.914902035626
-157.174553567373
-156.437684437113
-155.704278254231
-154.974318705506
-154.247789554746
-153.524674642422
-152.804957885304
-152.088623276104
-151.375654883113
-150.666036849844
-149.959753394679
-149.256788810510
-148.557127464392
-147.860753797185
-147.167652323213
-146.477807629909
-145.791204377476
-145.107827298534
-144.427661197788
-143.750690951678
-143.076901508043
-142.406277885784
-141.738805174529
-141.074468534291
-140.413253195146
-139.755144456892
-139.100127688725
-138.448188328907
-137.799311884443
-137.153483930751
-136.510690111342
-135.870916137499
-135.234147787950
-134.600370908556
-133.969571411991
-133.341735277421
-132.716848550200
-132.094897341546
-131.475867828235
-130.859746252292
-130.246518920678
-129.636172204986
-129.028692541134
-128.424066429060
-127.822280432423
-127.223321178296
-126.627175356870
-126.033829721154
-125.443271086677
-124.855486331194
-124.270462394392
-123.688186277594
-123.108645043470
-122.531825815746
-121.957715778917
-121.386302177955
-120.817572318028
-120.251513564212
-119.688113341210
-119.127359133068
-118.569238482896
-118.013738992584
-117.460848322532
-116.910554191367
-116.362844375669
-115.817706709699
-115.275129085122
-114.735099450741
-114.197605812223
-113.662636231828
-113.130178828148
-112.600221775836
-112.072753305340
-111.547761702643
-111.025235308996
-110.505162520660
-109.987531788644
-109.472331618448
-108.959550569803
-108.449177256415
-107.941200345711
-107.435608558586
-106.932390669145
-106.431535504457
-105.933031944302
-105.436868920921
-104.943035418772
-104.451520474275
-103.962313175577
-103.475402662297
-102.990778125292
-102.508428806406
-102.028343998234
-101.550513043883
-101.074925336731
-100.601570320186
-100.130437487457
-99.661516381312
-99.194796593848
-98.730267766255
-98.267919588585
-97.807741799521
-97.349724186146
-96.893856583715
-96.440128875430
-95.988530992207
-95.539052912456
-95.091684661855
-94.646416313126
-94.203237985810
-93.762139846051
-93.323112106372
-92.886145025459
-92.451228907936
-92.018354104156
-91.587511009980
-91.158690066563
-90.731881760140
-90.307076621813
-89.884265227339
-89.463438196918
-89.044586194983
-88.627699929994
-88.212770154226
-87.799787663561
-87.388743297288
-86.979627937892
-86.572432510853
-86.167147984438
-85.763765369507
-85.362275719306
-84.962670129265
-84.564939736803
-84.169075721130
-83.775069303044
-83.382911744740
-82.992594349611
-82.604108462055
-82.217445467281
-81.832596791114
-81.449553899807
-81.068308299848
-80.688851537767
-80.311175199952
-79.935270912456
-79.561130340814
-79.188745189851
-78.818107203503
-78.449208164625
-78.082039894813
-77.716594254217
-77.352863141361
-76.990838492962
-76.630512283747
-76.271876526276
-75.914923270761
-75.559644604891
-75.206032653651
-74.854079579151
-74.503777580444
-74.155118893357
-73.808095790315
-73.462700580169
-73.118925608023
-72.776763255060
-72.436205938380
-72.097246110819
-71.759876260789
-71.424088912108
-71.089876623829
-70.757231990077
-70.426147639882
-70.096616237017
-69.768630479827
-69.442183101075
-69.117266867770
-68.793874581012
-68.471999075828
-68.151633221014
-67.832769918971
-67.515402105551
-67.199522749897
-66.885124854285
-66.572201453969
-66.260745617023
-65.950750444190
-65.642209068724
-65.335114656237
-65.029460404547
-64.725239543526
-64.422445334948
-64.121071072339
-63.821110080826
-63.522555716989
-63.225401368711
-62.929640455030
-62.635266425996
-62.342272762519
-62.050652976224
-61.760400609311
-61.471509234405
-61.183972454415
-60.897783902389
-60.612937241376
-60.329426164277
-60.047244393713
-59.766385681877
-59.486843810398
-59.208612590202
-58.931685861372
-58.656057493013
-58.381721383110
-58.108671458398
-57.836901674223
-57.566406014405
-57.297178491106
-57.029213144697
-56.762504043623
-56.497045284270
-56.232830990836
-55.969855315196
-55.708112436772
-55.447596562407
-55.188301926231
-54.930222789532
-54.673353440632
-54.417688194755
-54.163221393903
-53.909947406727
-53.657860628403
-53.406955480507
-53.157226410889
-52.908667893549
-52.661274428515
-52.415040541719
-52.169960784874
-51.926029735355
-51.683241996076
-51.441592195366
-51.201074986858
-50.961685049359
-50.723417086740
-50.486265827812
-50.250226026209
-50.015292460276
-49.781459932945
-49.548723271622
-49.317077328075
-49.086516978312
-48.857037122473
-48.628632684712
-48.401298613086
-48.175029879441
-47.949821479299
-47.725668431749
-47.502565779333
-47.280508587936
-47.059491946676
-46.839510967795
-46.620560786549
-46.402636561101
-46.185733472410
-45.969846724125
-45.754971542479
-45.541103176180
-45.328236896307
-45.116367996204
-44.905491791374
-44.695603619375
-44.486698839716
-44.278772833754
-44.071821004590
-43.865838776965
-43.660821597162
-43.456764932900
-43.253664273236
-43.051515128463
-42.850313030007
-42.650053530334
-42.450732202844
-42.252344641777
-42.054886462111
-41.858353299467
-41.662740810009
-41.468044670350
-41.274260577454
-41.081384248538
-40.889411420980
-40.698337852224
-40.508159319679
-40.318871620633
-40.130470572155
-39.942952011002
-39.756311793526
-39.570545795582
-39.385649912437
-39.201620058676
-39.018452168113
-38.836142193699
-38.654686107433
-38.474079900271
-38.294319582035
-38.115401181330
-37.937320745448
-37.760074340284
-37.583658050248
-37.408067978177
-37.233300245246
-37.059350990887
-36.886216372698
-36.713892566358
-36.542375765543
-36.371662181841
-36.201748044668
-36.032629601181
-35.864303116198
-35.696764872112
-35.530011168810
-35.364038323589
-35.198842671075
-35.034420563141
-34.870768368825
-34.707882474250
-34.545759282541
-34.384395213750
-34.223786704770
-34.063930209260
-33.904822197565
-33.746459156634
-33.588837589947
-33.431954017434
-33.275804975396
-33.120387016433
-32.965696709361
-32.811730639138
-32.658485406791
-32.505957629336
-32.354143939702
-32.203040986661
-32.052645434749
-31.902953964193
-31.753963270836
-31.605670066066
-31.458071076740
-31.311163045113
-31.164942728763
-31.019406900521
-30.874552348398
-30.730375875514
-30.586874300026
-30.444044455060
-30.301883188633
-30.160387363593
-30.019553857540
-29.879379562763
-29.739861386167
-29.600996249204
-29.462781087807
-29.325212852320
-29.188288507430
-29.052005032100
-28.916359419502
-28.781348676948
-28.646969825826
-28.513219901531
-28.380095953403
-28.247595044656
-28.115714252315
-27.984450667155
-27.853801393627
-27.723763549803
-27.594334267305
-27.465510691246
-27.337289980162
-27.209669305953
-27.082645853816
-26.956216822185
-26.830379422668
-26.705130879985
-26.580468431905
-26.456389329186
-26.332890835513
-26.209970227438
-26.087624794318
-25.965851838254
-25.844648674035
-25.724012629073
-25.603941043347
-25.484431269342
-25.365480671993
-25.247086628620
-25.129246528878
-25.011957774692
-24.895217780201
-24.779023971704
-24.663373787598
-24.548264678323
-24.433694106306
-24.319659545902
-24.206158483340
-24.093188416669
-23.980746855695
-23.868831321935
-23.757439348553
-23.646568480314
-23.536216273520
-23.426380295962
-23.317058126866
-23.208247356835
-23.099945587798
-22.992150432956
-22.884859516730
-22.778070474708
-22.671780953589
-22.565988611136
-22.460691116120
-22.355886148269
-22.251571398217
-22.147744567453
-22.044403368269
-21.941545523708
-21.839168767516
-21.737270844090
-21.635849508427
-21.534902526077
-21.434427673089
-21.334422735966
-21.234885511613
-21.135813807288
-21.037205440555
-20.939058239232
-20.841370041349
-20.744138695092
-20.647362058761
-20.551038000721
-20.455164399353
-20.359739143008
-20.264760129959
-20.170225268358
-20.076132476183
-19.982479681198
-19.889264820903
-19.796485842490
-19.704140702797
-19.612227368260
-19.520743814874
-19.429688028140
-19.339058003028
-19.248851743925
-19.159067264598
-19.069702588143
-18.980755746947
-18.892224782639
-18.804107746050
-18.716402697170
-18.629107705102
-18.542220848020
-18.455740213127
-18.369663896615
-18.283990003616
-18.198716648166
-18.113841953162
-18.029364050317
-17.945281080122
-17.861591191803
-17.778292543280
-17.695383301128
-17.612861640531
-17.530725745250
-17.448973807572
-17.367604028280
-17.286614616607
-17.206003790197
-17.125769775067
-17.045910805565
-16.966425124336
-16.887310982275
-16.808566638495
-16.730190360286
-16.652180423075
-16.574535110391
-16.497252713823
-16.420331532985
-16.343769875476
-16.267566056845
-16.191718400551
-16.116225237928
-16.041084908146
-15.966295758175
-15.891856142748
-15.817764424325
-15.744018973057
-15.670618166748
-15.597560390820
-15.524844038278
-15.452467509673
-15.380429213067
-15.308727563998
-15.237360985444
-15.166327907788
-15.095626768786
-15.025256013525
-14.955214094399
-14.885499471065
-14.816110610414
-14.747045986536
-14.678304080685
-14.609883381248
-14.541782383706
-14.473999590608
-14.406533511533
-14.339382663054
-14.272545568715
-14.206020758987
-14.139806771244
-14.073902149724
-14.008305445501
-13.943015216453
-13.878030027226
-13.813348449205
-13.748969060485
-13.684890445832
-13.621111196658
-13.557629910989
-13.494445193429
-13.431555655137
-13.368959913787
-13.306656593547
-13.244644325040
-13.182921745318
-13.121487497831
-13.060340232398
-12.999478605174
-12.938901278624
-12.878606921488
-12.818594208758
-12.758861821645
-12.699408447549
-12.640232780031
-12.581333518785
-12.522709369607
-12.464359044369
-12.406281260987
-12.348474743397
-12.290938221520
-12.233670431243
-12.176670114381
-12.119936018658
-12.063466897673
-12.007261510874
-11.951318623534
-11.895637006718
-11.840215437258
-11.785052697728
-11.730147576416
-11.675498867293
-11.621105369992
-11.566965889780
-11.513079237527
-11.459444229687
-11.406059688266
-11.352924440796
-11.300037320314
-11.247397165332
-11.195002819811
-11.142853133136
-11.090946960094
-11.039283160842
-10.987860600888
-10.936678151062
-10.885734687491
-10.835029091578
-10.784560249971
-10.734327054545
-10.684328402372
-10.634563195699
-10.585030341923
-10.535728753569
-10.486657348262
-10.437815048707
-10.389200782659
-10.340813482909
-10.292652087251
-10.244715538464
-10.197002784284
-10.149512777386
-10.102244475358
-10.055196840678
-10.008368840689
-9.961759447582
-9.915367638365
-9.869192394849
-9.823232703618
-9.777487556012
-9.731955948101
-9.686636880663
-9.641529359167
-9.596632393743
-9.551944999165
-9.507466194831
-9.463195004733
-9.419130457446
-9.375271586099
-9.331617428356
-9.288167026394
-9.244919426884
-9.201873680968
-9.159028844235
-9.116383976708
-9.073938142816
-9.031690411376
-8.989639855571
-8.947785552932
-8.906126585317
-8.864662038887
-8.823391004092
-8.782312575644
-8.741425852503
-8.700729937853
-8.660223939084
-8.619906967772
-8.579778139658
-8.539836574631
-8.500081396707
-8.460511734007
-8.421126718745
-8.381925487199
-8.342907179700
-8.304070940610
-8.265415918303
-8.226941265143
-8.188646137473
-8.150529695589
-8.112591103725
-8.074829530032
-8.037244146564
-7.999834129253
-7.962598657900
-7.925536916145
-7.888648091461
-7.851931375127
-7.815385962215
-7.779011051569
-7.742805845792
-7.706769551222
-7.670901377920
-7.635200539649
-7.599666253857
-7.564297741664
-7.529094227837
-7.494054940779
-7.459179112512
-7.424465978654
-7.389914778409
-7.355524754546
-7.321295153385
-7.287225224777
-7.253314222091
-7.219561402193
-7.185966025436
-7.152527355636
-7.119244660064
-7.086117209421
-7.053144277830
-7.020325142813
-6.987659085280
-6.955145389511
-6.922783343141
-6.890572237143
-6.858511365814
-6.826600026756
-6.794837520866
-6.763223152315
-6.731756228537
-6.700436060210
-6.669261961244
-6.638233248763
-6.607349243091
-6.576609267738
-6.546012649385
-6.515558717867
-6.485246806159
-6.455076250363
-6.425046389692
-6.395156566453
-6.365406126039
-6.335794416907
-6.306320790569
-6.276984601574
-6.247785207496
-6.218721968921
-6.189794249427
-6.161001415579
-6.132342836906
-6.103817885892
-6.075425937962
-6.047166371467
-6.019038567670
-5.991041910734
-5.963175787707
-5.935439588506
-5.907832705912
-5.880354535545
-5.853004475859
-5.825781928128
-5.798686296427
-5.771716987626
-5.744873411373
-5.718154980079
-5.691561108912
-5.665091215777
-5.638744721305
-5.612521048843
-5.586419624439
-5.560439876829
-5.534581237425
-5.508843140302
-5.483225022187
-5.457726322445
-5.432346483067
-5.407084948658
-5.381941166423
-5.356914586158
-5.332004660236
-5.307210843594
-5.282532593723
-5.257969370653
-5.233520636946
-5.209185857679
-5.184964500435
-5.160856035291
-5.136859934804
-5.112975674004
-5.089202730377
-5.065540583858
-5.041988716817
-5.018546614048
-4.995213762758
-4.971989652555
-4.948873775437
-4.925865625782
-4.902964700335
-4.880170498198
-4.857482520818
-4.834900271978
-4.812423257782
-4.790050986651
-4.767782969303
-4.745618718751
-4.723557750286
-4.701599581470
-4.679743732122
-4.657989724311
-4.636337082345
-4.614785332756
-4.593334004295
-4.571982627920
-4.550730736783
-4.529577866224
-4.508523553756
-4.487567339061
-4.466708763972
-4.445947372469
-4.425282710668
-4.404714326809
-4.384241771246
-4.363864596439
-4.343582356943
-4.323394609399
-4.303300912523
-4.283300827096
-4.263393915957
-4.243579743989
-4.223857878115
-4.204227887282
-4.184689342457
-4.165241816614
-4.145884884728
-4.126618123762
-4.107441112658
-4.088353432331
-4.069354665656
-4.050444397463
-4.031622214523
-4.012887705540
-3.994240461147
-3.975680073891
-3.957206138224
-3.938818250500
-3.920516008959
-3.902299013724
-3.884166866787
-3.866119172004
-3.848155535086
-3.830275563587
-3.812478866900
-3.794765056245
-3.777133744660
-3.759584546997
-3.742117079909
-3.724730961841
-3.707425813026
-3.690201255475
-3.673056912964
-3.655992411034
-3.639007376975
-3.622101439823
-3.605274230349
-3.588525381052
-3.571854526150
-3.555261301573
-3.538745344956
-3.522306295627
-3.505943794604
-3.489657484583
-3.473447009932
-3.457312016684
-3.441252152528
-3.425267066799
-3.409356410476
-3.393519836170
-3.377756998116
-3.362067552168
-3.346451155789
-3.330907468046
-3.315436149600
-3.300036862700
-3.284709271175
-3.269453040426
-3.254267837421
-3.239153330684
-3.224109190291
-3.209135087861
-3.194230696550
-3.179395691041
-3.164629747540
-3.149932543769
-3.135303758955
-3.120743073827
-3.106250170608
-3.091824733005
-3.077466446207
-3.063174996874
-3.048950073134
-3.034791364570
-3.020698562220
-3.006671358566
-2.992709447528
-2.978812524459
-2.964980286135
-2.951212430751
-2.937508657915
-2.923868668637
-2.910292165328
-2.896778851789
-2.883328433208
-2.869940616150
-2.856615108553
-2.843351619723
-2.830149860321
-2.817009542365
-2.803930379217
-2.790912085583
-2.777954377499
-2.765056972332
-2.752219588770
-2.739441946815
-2.726723767779
-2.714064774279
-2.701464690226
-2.688923240826
-2.676440152565
-2.664015153212
-2.651647971808
-2.639338338659
-2.627085985333
-2.614890644656
-2.602752050699
-2.590669938778
-2.578644045448
-2.566674108493
-2.554759866925
-2.542901060975
-2.531097432091
-2.519348722927
-2.507654677340
-2.496015040387
-2.484429558315
-2.472897978558
-2.461420049730
-2.449995521622
-2.438624145193
-2.427305672567
-2.416039857026
-2.404826453006
-2.393665216091
-2.382555903008
-2.371498271620
-2.360492080922
-2.349537091037
-2.338633063208
-2.327779759794
-2.316976944266
-2.306224381200
-2.295521836271
-2.284869076251
-2.274265869003
-2.263711983472
-2.253207189686
-2.242751258746
-2.232343962823
-2.221985075153
-2.211674370034
-2.201411622815
-2.191196609897
-2.181029108727
-2.170908897791
-2.160835756609
-2.150809465735
-2.140829806744
-2.130896562235
-2.121009515823
-2.111168452132
-2.101373156795
-2.091623416444
-2.081919018711
-2.072259752219
-2.062645406578
-2.053075772383
-2.043550641206
-2.034069805593
-2.024633059061
-2.015240196090
-2.005891012122
-1.996585303553
-1.987322867731
-1.978103502951
-1.968927008452
-1.959793184409
-1.950701831930
-1.941652753056
-1.932645750748
-1.923680628892
-1.914757192288
-1.905875246648
-1.897034598592
-1.888235055644
-1.879476426227
-1.870758519658
-1.862081146147
-1.853444116788
-1.844847243560
-1.836290339318
-1.827773217794
-1.819295693588
-1.810857582167
-1.802458699859
-1.794098863852
-1.785777892186
-1.777495603753
-1.769251818288
-1.761046356372
-1.752879039420
-1.744749689684
-1.736658130246
-1.728604185013
-1.720587678716
-1.712608436904
-1.704666285940
-1.696761052999
-1.688892566064
-1.681060653920
-1.673265146152
-1.665505873141
-1.657782666061
-1.650095356874
-1.642443778325
-1.634827763944
-1.627247148035
-1.619701765677
-1.612191452719
-1.604716045779
-1.597275382233
-1.589869300222
-1.582497638638
-1.575160237130
-1.567856936092
-1.560587576664
-1.553352000731
-1.546150050912
-1.538981570563
-1.531846403773
-1.524744395355
-1.517675390851
-1.510639236522
-1.503635779347
-1.496664867019
-1.489726347944
-1.482820071233
-1.475945886705
-1.469103644877
-1.462293196967
-1.455514394884
-1.448767091232
-1.442051139301
-1.435366393067
-1.428712707187
-1.422089936997
-1.415497938509
-1.408936568405
-1.402405684039
-1.395905143430
-1.389434805259
-1.382994528866
-1.376584174251
-1.370203602063
-1.363852673606
-1.357531250829
-1.351239196326
-1.344976373331
-1.338742645719
-1.332537877999
-1.326361935312
-1.320214683430
-1.314095988751
-1.308005718295
-1.301943739705
-1.295909921241
-1.289904131777
-1.283926240801
-1.277976118408
-1.272053635300
-1.266158662785
-1.260291072767
-1.254450737751
-1.248637530838
-1.242851325717
-1.237091996672
-1.231359418569
-1.225653466860
-1.219974017580
-1.214320947339
-1.208694133324
-1.203093453298
-1.197518785591
-1.191970009102
-1.186447003295
-1.180949648197
-1.175477824394
-1.170031413031
-1.164610295805
-1.159214354968
-1.153843473318
-1.148497534203
-1.143176421514
-1.137880019684
-1.132608213685
-1.127360889027
-1.122137931751
-1.116939228434
-1.111764666179
-1.106614132617
-1.101487515903
-1.096384704715
-1.091305588249
-1.086250056217
-1.081217998850
-1.076209306885
-1.071223871574
-1.066261584673
-1.061322338444
-1.056406025654
-1.051512539566
-1.046641773944
-1.041793623047
-1.036967981627
-1.032164744926
-1.027383808677
-1.022625069098
-1.017888422891
-1.013173767240
-1.008480999808
-1.003810018738
-0.999160722646
-0.994533010619
-0.989926782220
-0.985341937476
-0.980778376881
-0.976236001396
-0.971714712440
-0.967214411894
-0.962735002097
-0.958276385843
-0.953838466379
-0.949421147403
-0.945024333064
-0.940647927955
-0.936291837117
-0.931955966033
-0.927640220625
-0.923344507257
-0.919068732726
-0.914812804267
-0.910576629545
-0.906360116659
-0.902163174132
-0.897985710917
-0.893827636391
-0.889688860353
-0.885569293023
-0.881468845039
-0.877387427457
-0.873324951746
-0.869281329790
-0.865256473883
-0.861250296726
-0.857262711431
-0.853293631511
-0.849342970886
-0.845410643874
-0.841496565196
-0.837600649967
-0.833722813701
-0.829862972303
-0.826021042073
-0.822196939699
-0.818390582259
-0.814601887217
-0.810830772421
-0.807077156103
-0.803340956876
-0.799622093733
-0.795920486044
-0.792236053554
-0.788568716384
-0.784918395026
-0.781285010344
-0.777668483569
-0.774068736302
-0.770485690506
-0.766919268512
-0.763369393008
-0.759835987046
-0.756318974037
-0.752818277747
-0.749333822297
-0.745865532165
-0.742413332177
-0.738977147513
-0.735556903699
-0.732152526610
-0.728763942465
-0.725391077827
-0.722033859604
-0.718692215041
-0.715366071724
-0.712055357576
-0.708760000857
-0.705479930160
-0.702215074412
-0.698965362869
-0.695730725120
-0.692511091080
-0.689306390991
-0.686116555419
-0.682941515257
-0.679781201717
-0.676635546331
-0.673504480954
-0.670387937754
-0.667285849218
-0.664198148147
-0.661124767655
-0.658065641168
-0.655020702420
-0.651989885458
-0.648973124633
-0.645970354602
-0.642981510329
-0.640006527079
-0.637045340419
-0.634097886216
-0.631164100637
-0.628243920144
-0.625337281498
-0.622444121753
-0.619564378256
-0.616697988648
-0.613844890857
-0.611005023104
-0.608178323894
-0.605364732023
-0.602564186569
-0.599776626893
-0.597001992642
-0.594240223742
-0.591491260398
-0.588755043095
-0.586031512596
-0.583320609938
-0.580622276434
-0.577936453670
-0.575263083504
-0.572602108065
-0.569953469751
-0.567317111230
-0.564692975435
-0.562081005566
-0.559481145088
-0.556893337728
-0.554317527476
-0.551753658583
-0.549201675560
-0.546661523174
-0.544133146453
-0.541616490678
-0.539111501387
-0.536618124370
-0.534136305670
-0.531665991583
-0.529207128652
-0.526759663671
-0.524323543682
-0.521898715973
-0.519485128078
-0.517082727773
-0.514691463082
-0.512311282265
-0.509942133829
-0.507583966517
-0.505236729311
-0.502900371432
-0.500574842336
-0.498260091716
-0.495956069498
-0.493662725842
-0.491380011139
-0.489107876012
-0.486846271313
-0.484595148124
-0.482354457755
-0.480124151741
-0.477904181843
-0.475694500049
-0.473495058568
-0.471305809832
-0.469126706495
-0.466957701431
-0.464798747735
-0.462649798717
-0.460510807909
-0.458381729055
-0.456262516116
-0.454153123269
-0.452053504901
-0.449963615615
-0.447883410223
-0.445812843748
-0.443751871422
-0.441700448686
-0.439658531188
-0.437626074783
-0.435603035531
-0.433589369697
-0.431585033750
-0.429589984360
-0.427604178399
-0.425627572942
-0.423660125262
-0.421701792831
-0.419752533319
-0.417812304593
-0.415881064716
-0.413958771948
-0.412045384741
-0.410140861740
-0.408245161786
-0.406358243907
-0.404480067326
-0.402610591452
-0.400749775886
-0.398897580415
-0.397053965014
-0.395218889844
-0.393392315252
-0.391574201770
-0.389764510111
-0.387963201173
-0.386170236037
-0.384385575962
-0.382609182391
-0.380841016943
-0.379081041417
-0.377329217791
-0.375585508219
-0.373849875030
-0.372122280729
-0.370402687997
-0.368691059687
-0.366987358824
-0.365291548609
-0.363603592409
-0.361923453765
-0.360251096387
-0.358586484153
-0.356929581110
-0.355280351472
-0.353638759619
-0.352004770097
-0.350378347618
-0.348759457057
-0.347148063452
-0.345544132006
-0.343947628081
-0.342358517201
-0.340776765052
-0.339202337479
-0.337635200484
-0.336075320230
-0.334522663035
-0.332977195374
-0.331438883881
-0.329907695341
-0.328383596696
-0.326866555042
-0.325356537626
-0.323853511849
-0.322357445264
-0.320868305574
-0.319386060632
-0.317910678441
-0.316442127154
-0.314980375070
-0.313525390637
-0.312077142448
-0.310635599245
-0.309200729914
-0.307772503483
-0.306350889129
-0.304935856169
-0.303527374063
-0.302125412414
-0.300729940967
-0.299340929606
-0.297958348355
-0.296582167380
-0.295212356983
-0.293848887605
-0.292491729825
-0.291140854358
-0.289796232055
-0.288457833905
-0.287125631030
-0.285799594684
-0.284479696260
-0.283165907279
-0.281858199398
-0.280556544403
-0.279260914214
-0.277971280879
-0.276687616578
-0.275409893619
-0.274138084440
-0.272872161606
-0.271612097809
-0.270357865871
-0.269109438737
-0.267866789479
-0.266629891295
-0.265398717508
-0.264173241562
-0.262953437028
-0.261739277598
-0.260530737086
-0.259327789430
-0.258130408687
-0.256938569034
-0.255752244771
-0.254571410316
-0.253396040205
-0.252226109093
-0.251061591753
-0.249902463075
-0.248748698068
-0.247600271853
-0.246457159669
-0.245319336871
-0.244186778927
-0.243059461420
-0.241937360046
-0.240820450613
-0.239708709044
-0.238602111371
-0.237500633741
-0.236404252407
-0.235312943737
-0.234226684207
-0.233145450402
-0.232069219015
-0.230997966850
-0.229931670817
-0.228870307934
-0.227813855324
-0.226762290220
-0.225715589956
-0.224673731976
-0.223636693827
-0.222604453158
-0.221576987726
-0.220554275389
-0.219536294108
-0.218523021947
-0.217514437072
-0.216510517750
-0.215511242348
-0.214516589336
-0.213526537283
-0.212541064857
-0.211560150825
-0.210583774054
-0.209611913507
-0.208644548248
-0.207681657436
-0.206723220326
-0.205769216272
-0.204819624722
-0.203874425221
-0.202933597407
-0.201997121014
-0.201064975871
-0.200137141898
-0.199213599112
-0.198294327619
-0.197379307621
-0.196468519409
-0.195561943367
-0.194659559970
-0.193761349784
-0.192867293466
-0.191977371760
-0.191091565502
-0.190209855617
-0.189332223117
-0.188458649104
-0.187589114767
-0.186723601381
-0.185862090312
-0.185004563008
-0.184151001005
-0.183301385927
-0.182455699479
-0.181613923454
-0.180776039729
-0.179942030266
-0.179111877108
-0.178285562385
-0.177463068307
-0.176644377168
-0.175829471345
-0.175018333296
-0.174210945560
-0.173407290757
-0.172607351590
-0.171811110839
-0.171018551367
-0.170229656114
-0.169444408101
-0.168662790428
-0.167884786273
-0.167110378890
-0.166339551615
-0.165572287859
-0.164808571108
-0.164048384930
-0.163291712964
-0.162538538928
-0.161788846614
-0.161042619892
-0.160299842703
-0.159560499066
-0.158824573072
-0.158092048887
-0.157362910750
-0.156637142974
-0.155914729943
-0.155195656116
-0.154479906023
-0.153767464265
-0.153058315516
-0.152352444519
-0.151649836092
-0.150950475118
-0.150254346555
-0.149561435427
-0.148871726831
-0.148185205931
-0.147501857961
-0.146821668222
-0.146144622085
-0.145470704988
-0.144799902436
-0.144132200004
-0.143467583330
-0.142806038122
-0.142147550153
-0.141492105262
-0.140839689354
-0.140190288399
-0.139543888433
-0.138900475556
-0.138260035934
-0.137622555794
-0.136988021430
-0.136356419199
-0.135727735520
-0.135101956877
-0.134479069816
-0.133859060944
-0.133241916932
-0.132627624513
-0.132016170480
-0.131407541688
-0.130801725053
-0.130198707553
-0.129598476225
-0.129001018166
-0.128406320533
-0.127814370545
-0.127225155476
-0.126638662663
-0.126054879500
-0.125473793439
-0.124895391991
-0.124319662725
-0.123746593269
-0.123176171305
-0.122608384575
-0.122043220877
-0.121480668067
-0.120920714054
-0.120363346806
-0.119808554346
-0.119256324753
-0.118706646161
-0.118159506758
-0.117614894789
-0.117072798552
-0.116533206400
-0.115996106738
-0.115461488029
-0.114929338785
-0.114399647574
-0.113872403018
-0.113347593788
-0.112825208610
-0.112305236264
-0.111787665578
-0.111272485435
-0.110759684769
-0.110249252564
-0.109741177857
-0.109235449734
-0.108732057333
-0.108230989842
-0.107732236500
-0.107235786593
-0.106741629459
-0.106249754487
-0.105760151113
-0.105272808821
-0.104787717147
-0.104304865672
-0.103824244029
-0.103345841896
-0.102869649000
-0.102395655116
-0.101923850067
-0.101454223722
-0.100986765997
-0.100521466856
-0.100058316307
-0.099597304408
-0.099138421261
-0.098681657013
-0.098227001858
-0.097774446037
-0.097323979832
-0.096875593575
-0.096429277640
-0.095985022445
-0.095542818454
-0.095102656176
-0.094664526162
-0.094228419008
-0.093794325352
-0.093362235879
-0.092932141313
-0.092504032424
-0.092077900023
-0.091653734966
-0.091231528148
-0.090811270508
-0.090392953028
-0.089976566731
-0.089562102681
-0.089149551984
-0.088738905787
-0.088330155279
-0.087923291688
-0.087518306285
-0.087115190379
-0.086713935321
-0.086314532503
-0.085916973353
-0.085521249344
-0.085127351984
-0.084735272823
-0.084345003450
-0.083956535491
-0.083569860613
-0.083184970522
-0.082801856960
-0.082420511708
-0.082040926588
-0.081663093456
-0.081287004209
-0.080912650778
-0.080540025134
-0.080169119286
-0.079799925278
-0.079432435191
-0.079066641143
-0.078702535291
-0.078340109824
-0.077979356970
-0.077620268993
-0.077262838192
-0.076907056902
-0.076552917493
-0.076200412372
-0.075849533980
-0.075500274793
-0.075152627321
-0.074806584111
-0.074462137743
-0.074119280832
-0.073778006027
-0.073438306010
-0.073100173499
-0.072763601244
-0.072428582030
-0.072095108675
-0.071763174029
-0.071432770977
-0.071103892435
-0.070776531355
-0.070450680718
-0.070126333540
-0.069803482868
-0.069482121782
-0.069162243395
-0.068843840849
-0.068526907321
-0.068211436017
-0.067897420176
-0.067584853069
-0.067273727997
-0.066964038291
-0.066655777315
-0.066348938463
-0.066043515160
-0.065739500860
-0.065436889049
-0.065135673242
-0.064835846985
-0.064537403853
-0.064240337452
-0.063944641417
-0.063650309411
-0.063357335129
-0.063065712294
-0.062775434657
-0.062486496001
-0.062198890133
-0.061912610894
-0.061627652150
-0.061344007797
-0.061061671758
-0.060780637985
-0.060500900458
-0.060222453185
-0.059945290202
-0.059669405572
-0.059394793386
-0.059121447761
-0.058849362843
-0.058578532805
-0.058308951845
-0.058040614191
-0.057773514096
-0.057507645839
-0.057243003726
-0.056979582091
-0.056717375291
-0.056456377713
-0.056196583766
-0.055937987889
-0.055680584542
-0.055424368216
-0.055169333424
-0.054915474704
-0.054662786622
-0.054411263768
-0.054160900755
-0.053911692225
-0.053663632841
-0.053416717292
-0.053170940294
-0.052926296583
-0.052682780923
-0.052440388101
-0.052199112928
-0.051958950239
-0.051719894894
-0.051481941774
-0.051245085787
-0.051009321864
-0.050774644957
-0.050541050043
-0.050308532124
-0.050077086222
-0.049846707385
-0.049617390681
-0.049389131203
-0.049161924065
-0.048935764407
-0.048710647387
-0.048486568188
-0.048263522015
-0.048041504096
-0.047820509679
-0.047600534036
-0.047381572460
-0.047163620265
-0.046946672789
-0.046730725389
-0.046515773445
-0.046301812358
-0.046088837551
-0.045876844468
-0.045665828571
-0.045455785349
-0.045246710306
-0.045038598971
-0.044831446891
-0.044625249636
-0.044420002794
-0.044215701974
-0.044012342808
-0.043809920945
-0.043608432055
-0.043407871830
-0.043208235978
-0.043009520231
-0.042811720338
-0.042614832069
-0.042418851213
-0.042223773579
-0.042029594995
-0.041836311308
-0.041643918386
-0.041452412113
-0.041261788395
-0.041072043155
-0.040883172337
-0.040695171901
-0.040508037827
-0.040321766115
-0.040136352782
-0.039951793863
-0.039768085412
-0.039585223502
-0.039403204224
-0.039222023685
-0.039041678012
-0.038862163350
-0.038683475862
-0.038505611727
-0.038328567144
-0.038152338326
-0.037976921509
-0.037802312941
-0.037628508892
-0.037455505644
-0.037283299502
-0.037111886784
-0.036941263826
-0.036771426982
-0.036602372621
-0.036434097132
-0.036266596917
-0.036099868398
-0.035933908010
-0.035768712207
-0.035604277459
-0.035440600252
-0.035277677088
-0.035115504487
-0.034954078983
-0.034793397125
-0.034633455482
-0.034474250636
-0.034315779185
-0.034158037743
-0.034001022940
-0.033844731421
-0.033689159848
-0.033534304897
-0.033380163258
-0.033226731641
-0.033074006765
-0.032921985371
-0.032770664208
-0.032620040046
-0.032470109667
-0.032320869868
-0.032172317461
-0.032024449274
-0.031877262147
-0.031730752938
-0.031584918517
-0.031439755769
-0.031295261595
-0.031151432907
-0.031008266635
-0.030865759721
-0.030723909121
-0.030582711806
-0.030442164762
-0.030302264986
-0.030163009492
-0.030024395305
-0.029886419467
-0.029749079030
-0.029612371062
-0.029476292645
-0.029340840872
-0.029206012852
-0.029071805706
-0.028938216570
-0.028805242590
-0.028672880928
-0.028541128758
-0.028409983267
-0.028279441657
-0.028149501139
-0.028020158941
-0.027891412300
-0.027763258470
-0.027635694715
-0.027508718311
-0.027382326548
-0.027256516729
-0.027131286168
-0.027006632193
-0.026882552143
-0.026759043369
-0.026636103237
-0.026513729121
-0.026391918411
-0.026270668507
-0.026149976822
-0.026029840779
-0.025910257816
-0.025791225380
-0.025672740931
-0.025554801942
-0.025437405895
-0.025320550286
-0.025204232622
-0.025088450420
-0.024973201211
-0.024858482534
-0.024744291944
-0.024630627003
-0.024517485287
-0.024404864382
-0.024292761886
-0.024181175406
-0.024070102562
-0.023959540986
-0.023849488318
-0.023739942211
-0.023630900329
-0.023522360345
-0.023414319944
-0.023306776822
-0.023199728685
-0.023093173250
-0.022987108244
-0.022881531405
-0.022776440481
-0.022671833232
-0.022567707426
-0.022464060843
-0.022360891272
-0.022258196513
-0.022155974377
-0.022054222683
-0.021952939262
-0.021852121954
-0.021751768609
-0.021651877088
-0.021552445261
-0.021453471007
-0.021354952216
-0.021256886789
-0.021159272633
-0.021062107669
-0.020965389824
-0.020869117037
-0.020773287254
-0.020677898434
-0.020582948543
-0.020488435556
-0.020394357459
-0.020300712247
-0.020207497923
-0.020114712501
-0.020022354002
-0.019930420459
-0.019838909911
-0.019747820408
-0.019657150010
-0.019566896782
-0.019477058803
-0.019387634156
-0.019298620937
-0.019210017248
-0.019121821202
-0.019034030918
-0.018946644526
-0.018859660164
-0.018773075978
-0.018686890123
-0.018601100763
-0.018515706069
-0.018430704223
-0.018346093413
-0.018261871836
-0.018178037698
-0.018094589213
-0.018011524602
-0.017928842097
-0.017846539935
-0.017764616364
-0.017683069638
-0.017601898020
-0.017521099780
-0.017440673198
-0.017360616560
-0.017280928162
-0.017201606305
-0.017122649299
-0.017044055464
-0.016965823125
-0.016887950616
-0.016810436279
-0.016733278461
-0.016656475521
-0.016580025822
-0.016503927736
-0.016428179643
-0.016352779930
-0.016277726990
-0.016203019225
-0.016128655045
-0.016054632866
-0.015980951112
-0.015907608214
-0.015834602610
-0.015761932746
-0.015689597074
-0.015617594054
-0.015545922154
-0.015474579846
-0.015403565613
-0.015332877942
-0.015262515329
-0.015192476275
-0.015122759289
-0.015053362888
-0.014984285594
-0.014915525936
-0.014847082451
-0.014778953682
-0.014711138178
-0.014643634496
-0.014576441200
-0.014509556859
-0.014442980049
-0.014376709354
-0.014310743362
-0.014245080671
-0.014179719881
-0.014114659604
-0.014049898453
-0.013985435051
-0.013921268025
-0.013857396011
-0.013793817648
-0.013730531585
-0.013667536474
-0.013604830975
-0.013542413753
-0.013480283481
-0.013418438836
-0.013356878503
-0.013295601172
-0.013234605539
-0.013173890306
-0.013113454181
-0.013053295879
-0.012993414121
-0.012933807631
-0.012874475141
-0.012815415391
-0.012756627123
-0.012698109086
-0.012639860036
-0.012581878734
-0.012524163947
-0.012466714446
-0.012409529010
-0.012352606423
-0.012295945473
-0.012239544956
-0.012183403673
-0.012127520428
-0.012071894033
-0.012016523307
-0.011961407070
-0.011906544150
-0.011851933382
-0.011797573604
-0.011743463659
-0.011689602397
-0.011635988673
-0.011582621346
-0.011529499283
-0.011476621353
-0.011423986431
-0.011371593400
-0.011319441144
-0.011267528556
-0.011215854530
-0.011164417970
-0.011113217780
-0.011062252873
-0.011011522165
-0.010961024578
-0.010910759038
-0.010860724476
-0.010810919830
-0.010761344039
-0.010711996051
-0.010662874816
-0.010613979291
-0.010565308435
-0.010516861215
-0.010468636601
-0.010420633567
-0.010372851094
-0.010325288166
-0.010277943772
-0.010230816906
-0.010183906566
-0.010137211755
-0.010090731482
-0.010044464757
-0.009998410599
-0.009952568028
-0.009906936071
-0.009861513757
-0.009816300122
-0.009771294204
-0.009726495048
-0.009681901701
-0.009637513217
-0.009593328651
-0.009549347066
-0.009505567526
-0.009461989102
-0.009418610868
-0.009375431902
-0.009332451287
-0.009289668110
-0.009247081462
-0.009204690439
-0.009162494139
-0.009120491666
-0.009078682129
-0.009037064639
-0.008995638313
-0.008954402269
-0.008913355633
-0.008872497533
-0.008831827100
-0.008791343472
-0.008751045787
-0.008710933191
-0.008671004832
-0.008631259861
-0.008591697434
-0.008552316712
-0.008513116858
-0.008474097039
-0.008435256427
-0.008396594198
-0.008358109529
-0.008319801605
-0.008281669611
-0.008243712739
-0.008205930181
-0.008168321137
-0.008130884807
-0.008093620396
-0.008056527114
-0.008019604172
-0.007982850788
-0.007946266180
-0.007909849573
-0.007873600192
-0.007837517269
-0.007801600037
-0.007765847735
-0.007730259602
-0.007694834885
-0.007659572830
-0.007624472689
-0.007589533718
-0.007554755175
-0.007520136321
-0.007485676422
-0.007451374746
-0.007417230566
-0.007383243156
-0.007349411796
-0.007315735768
-0.007282214356
-0.007248846850
-0.007215632542
-0.007182570726
-0.007149660700
-0.007116901768
-0.007084293233
-0.007051834404
-0.007019524591
-0.006987363110
-0.006955349278
-0.006923482416
-0.006891761847
-0.006860186899
-0.006828756901
-0.006797471188
-0.006766329094
-0.006735329961
-0.006704473129
-0.006673757944
-0.006643183755
-0.006612749913
-0.006582455773
-0.006552300692
-0.006522284030
-0.006492405151
-0.006462663420
-0.006433058208
-0.006403588885
-0.006374254828
-0.006345055414
-0.006315990023
-0.006287058039
-0.006258258849
-0.006229591842
-0.006201056410
-0.006172651947
-0.006144377852
-0.006116233525
-0.006088218368
-0.006060331789
-0.006032573195
-0.006004941998
-0.005977437612
-0.005950059454
-0.005922806944
-0.005895679503
-0.005868676556
-0.005841797532
-0.005815041859
-0.005788408971
-0.005761898303
-0.005735509294
-0.005709241383
-0.005683094014
-0.005657066632
-0.005631158686
-0.005605369627
-0.005579698907
-0.005554145984
-0.005528710314
-0.005503391359
-0.005478188583
-0.005453101450
-0.005428129430
-0.005403271993
-0.005378528613
-0.005353898764
-0.005329381925
-0.005304977576
-0.005280685200
-0.005256504283
-0.005232434311
-0.005208474775
-0.005184625167
-0.005160884981
-0.005137253715
-0.005113730868
-0.005090315941
-0.005067008438
-0.005043807866
-0.005020713732
-0.004997725548
-0.004974842826
-0.004952065082
-0.004929391832
-0.004906822598
-0.004884356899
-0.004861994261
-0.004839734210
-0.004817576274
-0.004795519984
-0.004773564873
-0.004751710475
-0.004729956327
-0.004708301969
-0.004686746942
-0.004665290790
-0.004643933058
-0.004622673293
-0.004601511045
-0.004580445867
-0.004559477311
-0.004538604935
-0.004517828295
-0.004497146952
-0.004476560467
-0.004456068406
-0.004435670333
-0.004415365817
-0.004395154428
-0.004375035738
-0.004355009320
-0.004335074752
-0.004315231610
-0.004295479474
-0.004275817927
-0.004256246552
-0.004236764935
-0.004217372662
-0.004198069324
-0.004178854512
-0.004159727819
-0.004140688840
-0.004121737172
-0.004102872414
-0.004084094166
-0.004065402031
-0.004046795613
-0.004028274519
-0.004009838355
-0.003991486733
-0.003973219264
-0.003955035560
-0.003936935237
-0.003918917912
-0.003900983204
-0.003883130733
-0.003865360120
-0.003847670991
-0.003830062970
-0.003812535685
-0.003795088765
-0.003777721841
-0.003760434545
-0.003743226511
-0.003726097376
-0.003709046776
-0.003692074352
-0.003675179743
-0.003658362592
-0.003641622544
-0.003624959244
-0.003608372340
-0.003591861480
-0.003575426316
-0.003559066500
-0.003542781684
-0.003526571526
-0.003510435682
-0.003494373811
-0.003478385572
-0.003462470628
-0.003446628642
-0.003430859278
-0.003415162204
-0.003399537087
-0.003383983597
-0.003368501404
-0.003353090181
-0.003337749602
-0.003322479343
-0.003307279081
-0.003292148494
-0.003277087262
-0.003262095066
-0.003247171590
-0.003232316518
-0.003217529536
-0.003202810330
-0.003188158591
-0.003173574007
-0.003159056271
-0.003144605075
-0.003130220114
-0.003115901083
-0.003101647680
-0.003087459604
-0.003073336554
-0.003059278233
-0.003045284341
-0.003031354584
-0.003017488668
-0.003003686298
-0.002989947184
-0.002976271034
-0.002962657560
-0.002949106474
-0.002935617489
-0.002922190320
-0.002908824683
-0.002895520296
-0.002882276878
-0.002869094148
-0.002855971828
-0.002842909640
-0.002829907309
-0.002816964559
-0.002804081117
-0.002791256711
-0.002778491069
-0.002765783922
-0.002753135001
-0.002740544039
-0.002728010770
-0.002715534929
-0.002703116252
-0.002690754476
-0.002678449342
-0.002666200587
-0.002654007954
-0.002641871186
-0.002629790024
-0.002617764215
-0.002605793505
-0.002593877639
-0.002582016366
-0.002570209437
-0.002558456601
-0.002546757609
-0.002535112216
-0.002523520174
-0.002511981239
-0.002500495167
-0.002489061716
-0.002477680643
-0.002466351709
-0.002455074673
-0.002443849299
-0.002432675348
-0.002421552585
-0.002410480775
-0.002399459684
-0.002388489079
-0.002377568728
-0.002366698400
-0.002355877867
-0.002345106899
-0.002334385269
-0.002323712751
-0.002313089119
-0.002302514148
-0.002291987617
-0.002281509301
-0.002271078980
-0.002260696434
-0.002250361443
-0.002240073789
-0.002229833254
-0.002219639624
-0.002209492682
-0.002199392213
-0.002189338006
-0.002179329847
-0.002169367525
-0.002159450830
-0.002149579552
-0.002139753484
-0.002129972417
-0.002120236145
-0.002110544462
-0.002100897165
-0.002091294048
-0.002081734910
-0.002072219549
-0.002062747763
-0.002053319354
-0.002043934121
-0.002034591867
-0.002025292394
-0.002016035506
-0.002006821009
-0.001997648706
-0.001988518406
-0.001979429914
-0.001970383039
-0.001961377591
-0.001952413379
-0.001943490213
-0.001934607907
-0.001925766271
-0.001916965120
-0.001908204268
-0.001899483530
-0.001890802722
-0.001882161660
-0.001873560163
-0.001864998049
-0.001856475137
-0.001847991247
-0.001839546201
-0.001831139820
-0.001822771926
-0.001814442344
-0.001806150897
-0.001797897411
-0.001789681711
-0.001781503624
-0.001773362978
-0.001765259601
-0.001757193321
-0.001749163969
-0.001741171375
-0.001733215371
-0.001725295789
-0.001717412461
-0.001709565222
-0.001701753906
-0.001693978348
-0.001686238384
-0.001678533852
-0.001670864587
-0.001663230429
-0.001655631217
-0.001648066790
-0.001640536989
-0.001633041655
-0.001625580629
-0.001618153756
-0.001610760877
-0.001603401837
-0.001596076481
-0.001588784654
-0.001581526203
-0.001574300975
-0.001567108816
-0.001559949577
-0.001552823104
-0.001545729249
-0.001538667862
-0.001531638793
-0.001524641895
-0.001517677020
-0.001510744021
-0.001503842753
-0.001496973068
-0.001490134824
-0.001483327875
-0.001476552078
-0.001469807291
-0.001463093370
-0.001456410175
-0.001449757564
-0.001443135398
-0.001436543536
-0.001429981841
-0.001423450172
-0.001416948394
-0.001410476368
-0.001404033959
-0.001397621030
-0.001391237447
-0.001384883075
-0.001378557779
-0.001372261427
-0.001365993886
-0.001359755024
-0.001353544709
-0.001347362811
-0.001341209199
-0.001335083743
-0.001328986315
-0.001322916785
-0.001316875027
-0.001310860912
-0.001304874315
-0.001298915108
-0.001292983167
-0.001287078366
-0.001281200580
-0.001275349687
-0.001269525563
-0.001263728084
-0.001257957130
-0.001252212578
-0.001246494307
-0.001240802197
-0.001235136128
-0.001229495980
-0.001223881636
-0.001218292975
-0.001212729882
-0.001207192238
-0.001201679927
-0.001196192832
